1 1 0.34 36.20  
1 2 0.36 42.87  
1 3 0.35 39.54  
1 4 0.37 44.66  
1 5 0.34 36.11  
1 6 0.35 38.00  
1 7 0.37 44.05  
1 8 0.35 39.77  
1 9 0.36 42.00  
1 10 0.34 36.3  
1 11 0.35 38.65  
1 12 0.36 41.36  
1 13 0.34 35.88  
1 14 0.37 44.12  
1 15 0.37 44.34  
1 16 0.36 42.68  
1 17 0.34 36.42  
1 18 0.36 41.47  
1 19 0.35 39.50  
1 20 0.36 42.09  
1 21 0.36 42.25  
1 22 0.34 36.50  
1 23 0.37 44.56  
1 24 0.36 42.33  
1 25 0.36 42.19  
1 26 0.35 38.75  
1 27 0.35 38.56  
1 28 0.34 36.77  
1 29 0.37 45.00  
1 30 0.36 43.00  
